hs_code,hs_description,direction,q4_value,ytd_value,yoy_change_pct,share_of_total,ytd_value_teu,yoy_change_pct_teu,share_of_total_teu,ytd_value_shipment,yoy_change_pct_shipment,share_of_total_shipment,ytd_value_container,yoy_change_pct_container,share_of_total_container,ytd_value_vrac,yoy_change_pct_vrac,share_of_total_vrac
0203,"Meat of swine; fresh, chilled or frozen",import,3648676.88,3648676.88,-66.2491228011466,0.9058057586605762,280.0,-70.8502024291498,2.4560326301478006,119,-69.56521739130434,2.4280759028769636,139,-67.85714285714286,1.9908335720423946,0,0.0,0.0
0207,"Meat and edible offal of poultry; of the poultry of heading no. 0105, (i.e. fowls of the species Gallus domesticus), fresh, chilled or frozen",import,9346533.35,9346533.35,-86.20908528549528,2.320332550780196,687.5,-85.96491228070175,6.030437261523618,202,-83.33333333333333,4.121607835135687,343,-85.71428571428571,4.912632483529075,0,0.0,0.0
0302,"Fish; fresh or chilled, excluding fish fillets and other fish meat of heading 0304",import,555821.78,555821.78,-86.50447401833972,0.1379860660922575,40.5,-86.84210526315789,0.355247576860664,13,-86.48648648648648,0.26525198938992045,20,-86.48648648648648,0.2864508736751647,0,0.0,0.0
0305,"Fish, dried, salted or in brine; smoked fish, whether or not cooked before or during the smoking process; flours, meals and pellets of fish, fit for human consumption",import,84129.0,84129.0,-93.98453038674033,0.020885525130511316,6.0,-93.93939393939394,0.052629270646024295,3,-93.75,0.0612119975515201,3,-93.93939393939394,0.042967631051274706,0,0.0,0.0
0402,Milk and cream; concentrated or containing added sugar or other sweetening matter,import,5504366.59,5504366.59,-72.50492078753871,1.366491777425048,294.0,-72.31329690346084,2.5788342616551905,48,-70.27027027027027,0.9793919608243216,259,-72.05882352941177,3.709538814093383,0,0.0,0.0
0405,Butter and other fats and oils derived from milk; dairy spreads,import,143540.83000000002,143540.83000000002,-84.14392842299216,0.03563486564941284,12.0,-84.0,0.10525854129204859,7,-83.87096774193549,0.14282799428688023,7,-83.87096774193549,0.10025780578630765,0,0.0,0.0
0406,Cheese and curd,import,85465.22,85465.22,-96.96248272840273,0.021217249700991075,9.0,-97.06959706959707,0.07894390596903644,8,-93.75,0.16323199347072026,8,-96.875,0.11458034947006589,0,0.0,0.0
0701,Potatoes; fresh or chilled,import,29844.6,29844.6,-93.48993757062024,0.007409099636392421,8.0,-94.28571428571429,0.07017236086136573,4,-75.0,0.08161599673536013,4,-94.28571428571429,0.057290174735032943,0,0.0,0.0
0702,Meat and edible meat offal,import,76178.56,76178.56,-47.94175024128136,0.01891178106581754,4.0,-50.0,0.035086180430682866,4,-50.0,0.08161599673536013,4,-50.0,0.057290174735032943,0,0.0,0.0
0703,"Onions, shallots, garlic, leeks and other alliaceous vegetables; fresh or chilled",import,2087626.0,2087626.0,-91.30717372825418,0.5182655836407043,150.5,-91.37466307277629,1.3201175387044428,60,-87.5,1.224239951030402,73,-91.30434782608695,1.045545688914351,0,0.0,0.0
0712,"Vegetables, dried; whole, cut, sliced, broken or in powder, but not further prepared",import,16640.0,16640.0,278.1818181818182,0.004130979069901084,1.0,0.0,0.008771545107670716,1,0.0,0.020403999183840033,1,0.0,0.014322543683758236,0,0.0,0.0
0713,"Vegetables, leguminous; shelled, whether or not skinned or split, dried",import,488890.12,488890.12,-29.508303346912225,0.12136988300489358,26.0,-28.571428571428573,0.22806017279943863,3,0.0,0.0612119975515201,26,-28.571428571428573,0.3723861357777141,0,0.0,0.0
0906,Cinnamon and cinnamon-tree flowers,import,34464.0,34464.0,-90.23679953767575,0.008555893189006668,4.0,-90.47619047619048,0.035086180430682866,1,-92.3076923076923,0.020403999183840033,2,-90.47619047619048,0.028645087367516472,0,0.0,0.0
0907,"Cloves (whole fruit, cloves and stems)",import,25602.0,25602.0,-90.04755807146073,0.006355848927139877,2.0,-90.0,0.017543090215341433,1,-90.0,0.020403999183840033,1,-90.0,0.014322543683758236,0,0.0,0.0
1001,Wheat and meslin,import,27253035.97,27253035.97,-87.65393586485142,6.76572843649828,18.0,-61.702127659574465,0.1578878119380729,11,-74.4186046511628,0.22444399102224036,13,-72.34042553191489,0.18619306788885706,9,-74.28571428571429,0.5840363400389358
1005,Maize (corn),import,168371.0,168371.0,-89.53512149492049,0.04179910318379299,7.0,-89.55223880597015,0.061400815753695014,2,-84.61538461538461,0.040807998367680065,7,-89.55223880597015,0.10025780578630765,0,0.0,0.0
1006,Rice,import,42330216.36,42330216.36,-79.9221281328081,10.508728233626469,469.0,-81.91489361702128,4.113854655497566,38,-78.49462365591398,0.7753519689859212,461,-80.0,6.602692638212546,5,0.0,0.3244646333549643
1007,Grain sorghum,import,269745.0,269745.0,-40.21370798419671,0.066965802236206,12.0,-42.857142857142854,0.10525854129204859,1,-75.0,0.020403999183840033,12,-42.857142857142854,0.17187052420509882,0,0.0,0.0
1103,Cereal groats; meal and pellets,import,453600.0,453600.0,-82.73668563454302,0.11260890060739974,20.0,-82.75862068965517,0.17543090215341434,4,-71.42857142857143,0.08161599673536013,20,-82.75862068965517,0.2864508736751647,0,0.0,0.0
1107,Malt; whether or not roasted,import,1890382.68,1890382.68,-77.13154280052255,0.4692987551192018,150.0,-77.61194029850746,1.3157317661506074,8,-78.94736842105263,0.16323199347072026,75,-76.41509433962264,1.0741907762818677,0,0.0,0.0
1108,Starches; inulin,import,42300.0,42300.0,-98.13385097277981,0.010501226842356721,2.0,-98.13084112149532,0.017543090215341433,1,-96.96969696969697,0.020403999183840033,2,-98.13084112149532,0.028645087367516472,0,0.0,0.0
1209,"Seeds, fruit and spores; of a kind used for sowing",import,45401.729999999996,45401.729999999996,-60.19417475728155,0.01127124978168871,7.0,-50.0,0.06140081575369502,3,-50.0,0.0612119975515201,4,-50.0,0.057290174735032943,0,0.0,0.0
1301,"Lac; natural gums, resins, gum-resins and oleoresins (for example, balsams)",import,47448.0,47448.0,0.0,0.01177924849210737,4.0,0.0,0.035086180430682866,3,0.0,0.0612119975515201,3,0.0,0.042967631051274706,0,0.0,0.0
1507,"Soya-bean oil and its fractions; whether or not refined, but not chemically modified",import,22465.0,22465.0,-5.728073856483424,0.005577070000320183,1.0,0.0,0.008771545107670716,1,0.0,0.020403999183840033,1,0.0,0.014322543683758236,0,0.0,0.0
1509,"Olive oil and its fractions; whether or not refined, but not chemically modified",import,54000.0,54000.0,,0.013405821500880922,4.0,,0.035086180430682866,1,,0.020403999183840033,2,,0.028645087367516472,0,,0.0
1511,"Palm oil and its fractions; whether or not refined, but not chemically modified",import,5485778.72,5485778.72,-93.5277095397056,1.3618772280305744,220.0,-78.98406374501992,1.9297399236875576,28,-88.20224719101124,0.5713119771475209,218,-76.47714604236343,3.1223145230592952,4,-100.0,0.25957170668397145
1515,"Fixed vegetable fats and oils (including jojoba oil) and their fractions, whether or not refined; but not chemically modified",import,1035837.04,1035837.04,-98.52931276347327,0.2571527122637195,49.0,-98.55072463768116,0.4298057102758651,13,-97.14285714285714,0.26525198938992045,41,-98.44961240310077,0.5872242910340876,0,0.0,0.0
1516,"Animal or vegetable fats and oils and their fractions; partly or wholly hydrogenated, inter-esterified, re-esterified or elaidinised, whether or not refined, but not further prepared",import,21504.26,21504.26,-99.81701013293713,0.005338560575343214,1.0,-95.83333333333333,0.008771545107670716,1,-95.0,0.020403999183840033,1,-91.66666666666667,0.014322543683758236,0,-100.0,0.0
1517,"Margarine; edible mixtures or preparations of animal or vegetable fats or oils or of fractions of different fats or oils of this chapter, other than edible fats or oils of heading no. 1516",import,491596.54000000004,491596.54000000004,0.6852564501604765,0.12204176788316051,29.25,12.5,0.25656769439936844,8,0.0,0.16323199347072026,23,0.0,0.3294185047264394,0,0.0,0.0
1601,"Sausages and similar products of meat, meat offal or blood; food preparations based on these products",import,1434134.45,1434134.45,-85.620650425209,0.3560324156474821,102.0,-86.51382333108563,0.894697600982413,51,-85.5907780979827,1.0406039583758417,51,-85.63218390804597,0.73044972787167,0,0.0,0.0
1602,"Prepared or preserved meat, meat offal or blood",import,74816.56,74816.56,0.0,0.01857365645685088,6.0,-33.333333333333336,0.052629270646024295,3,0.0,0.0612119975515201,3,0.0,0.042967631051274706,0,0.0,0.0
1604,Prepared or preserved fish; caviar and caviar substitutes prepared from fish eggs,import,774498.89,774498.89,-93.46073203101525,0.19227396059204457,38.0,-94.01408450704226,0.3333187140914872,14,-92.16867469879519,0.2856559885737605,36,-93.11740890688259,0.5156115726152964,0,0.0,0.0
1701,"Cane or beet sugar and chemically pure sucrose, in solid form",import,26394539.0,26394539.0,-99.34218450712108,6.552601452445185,888.25,-98.94957983193277,7.791324941888513,81,-97.77777777777777,1.6527239338910427,630,-98.63387978142076,9.023202520767688,11,-100.0,0.7138221933809215
1703,Molasses; resulting from the extraction or refining of sugar,import,336535.99,336535.99,-48.944037422673276,0.08354706315856013,14.0,-48.148148148148145,0.12280163150739003,2,-66.66666666666667,0.040807998367680065,14,-48.148148148148145,0.2005156115726153,0,0.0,0.0
1704,"Sugar confectionery (including white chocolate), not containing cocoa",import,512461.72000000003,512461.72000000003,-97.64716626673751,0.12722167304360033,38.0,-97.70773638968481,0.3333187140914872,15,-95.0,0.30605998775760046,20,-97.67441860465117,0.2864508736751647,0,0.0,0.0
1901,"Malt extract; flour/groats/meal/starch/malt extract products, no cocoa (or less than 40% by weight) and food preparations of goods of headings 04.01 to 04.04, no cocoa (or less than 5% by weight), wei",import,204369.03,204369.03,41.5766244113662,0.05073582845348478,24.25,0.0,0.21270996886101487,12,50.0,0.2448479902060804,12,50.0,0.17187052420509882,0,0.0,0.0
1902,"Pasta; whether or not cooked or stuffed with meat or other substance, or otherwise prepared, egg spaghetti, macaroni, noodles, lasagne, gnocchi, ravioli, cannelloni; couscous, whether or not prepared",import,27790.0,27790.0,73.36244541484716,0.006899032953879274,2.0,0.0,0.017543090215341433,1,0.0,0.020403999183840033,1,0.0,0.014322543683758236,0,0.0,0.0
1904,Prepared foods obtained by swelling or roasting cereals or cereal products (e.g. corn flakes); cereals (other than maize (corn)) in grain form or in the form of flakes or other worked grains (not flou,import,59690.0,59690.0,,0.014818397877547818,8.0,,0.07017236086136573,2,,0.040807998367680065,4,,0.057290174735032943,0,,0.0
1905,"Bread, pastry, cakes, biscuits, other bakers' wares, whether or not containing cocoa; communion wafers, empty cachets suitable for pharmaceutical use, sealing wafers, rice paper and similar products",import,1130201.67,1130201.67,42.7463372594082,0.280579293481806,137.0,0.0,1.2017016797508882,29,0.0,0.591715976331361,68,0.0,0.97393297049556,0,0.0,0.0
2002,Tomatoes; prepared or preserved otherwise than by vinegar or acetic acid,import,158390.41999999998,158390.41999999998,-95.35909282263532,0.03932136477721406,7.0,-96.74418604651163,0.061400815753695014,2,-90.47619047619048,0.040807998367680065,7,-94.81481481481481,0.10025780578630765,0,0.0,0.0
2005,"Vegetables preparations n.e.c.; prepared or preserved otherwise than by vinegar or acetic acid, not frozen, other than products of heading no. 2006",import,96100.0,96100.0,-92.26939195978485,0.023857397152493638,5.0,-92.0,0.043857725538353584,2,-92.85714285714286,0.040807998367680065,4,-92.85714285714286,0.057290174735032943,0,0.0,0.0
2009,"Fruit juices (including grape must) and vegetable juices, unfermented, not containing added spirit; whether or not containing added sugar or other sweetening matter",import,237241.4,237241.4,-33.84641732370962,0.058896590018872055,17.0,-20.0,0.1491162668304022,8,-33.333333333333336,0.16323199347072026,10,-33.333333333333336,0.14322543683758238,0,0.0,0.0
2102,"Yeasts (active or inactive); other single-cell micro-organisms, dead (but not including vaccines of heading no. 3002); prepared baking powders",import,53494.0,53494.0,-86.96791077371843,0.013280203988298591,4.0,-87.09677419354838,0.035086180430682866,2,-91.66666666666667,0.040807998367680065,2,-87.5,0.028645087367516472,1,0.0,0.06489292667099286
2103,"Sauces and preparations therefor; mixed condiments and mixed seasonings, mustard flour and meal and prepared mustard",import,55245.9,55245.9,-91.2616056799563,0.01371512359362069,5.0,-92.85714285714286,0.043857725538353584,3,-88.88888888888889,0.0612119975515201,3,-88.88888888888889,0.042967631051274706,0,0.0,0.0
2104,Soups and broths and preparations therefor; homogenised composite food preparations,import,44940.0,44940.0,-96.48985647801088,0.011156622560177567,4.0,-96.07843137254902,0.035086180430682866,2,-96.29629629629629,0.040807998367680065,2,-96.36363636363636,0.028645087367516472,0,0.0,0.0
2106,Food preparations not elsewhere specified or included,import,5014302.05,5014302.05,-32.517095299108156,1.2448303376629868,342.75,-55.55555555555556,3.0064470856541377,75,-85.71428571428571,1.5302999387880025,277,-14.285714285714286,3.9673446004010313,1,0.0,0.06489292667099286
2201,"Waters, including natural or artificial mineral waters and aerated waters, not containing added sugar or other sweetening matter nor flavoured; ice and snow",import,19360.14,19360.14,-85.48419276762633,0.004806270019853051,1.0,-85.71428571428571,0.008771545107670716,1,-75.0,0.020403999183840033,1,-85.71428571428571,0.014322543683758236,0,0.0,0.0
2202,"Waters, including mineral and aerated waters, containing added sugar or sweetening matter, flavoured; other non-alcoholic beverages, not including fruit or vegetable juices of heading no. 2009",import,332690.04,332690.04,16.966629588358188,0.08259228317335063,22.0,11.11111111111111,0.19297399236875576,8,-83.33333333333333,0.16323199347072026,17,11.11111111111111,0.24348324262388998,0,0.0,0.0
2203,Beer made from malt,import,1875591.7899999998,1875591.7899999998,-49.25454051058939,0.46562682861588395,138.0,-59.32203389830509,1.2104732248585588,19,-50.0,0.3876759844929606,70,-42.857142857142854,1.0025780578630765,0,0.0,0.0
2205,"Vermouth and other wine of fresh grapes, flavoured with plants or aromatic substances",import,927025.87,927025.87,-77.65607314327895,0.23013969147997854,67.0,-77.77777777777777,0.587693522213938,29,-71.42857142857143,0.5917159763313609,41,-77.77777777777777,0.5872242910340876,0,0.0,0.0
2208,"Ethyl alcohol, undenatured; of an alcoholic strength by volume of less than 80% volume; spirits, liqueurs and other spirituous beverages",import,78442.8,78442.8,-95.05441705289141,0.019473892126468554,6.0,-95.18072289156626,0.052629270646024295,3,-90.0,0.0612119975515201,3,-95.0,0.042967631051274706,0,0.0,0.0
2309,Preparations of a kind used in animal feeding,import,40811.83,40811.83,-93.921891108134,0.010131779779709204,3.0,-94.20289855072464,0.026314635323012148,2,-93.75,0.040807998367680065,2,-93.75,0.028645087367516472,0,0.0,0.0
2402,"Cigars, cheroots, cigarillos and cigarettes; of tobacco or of tobacco substitutes",import,73744.6,73744.6,-90.063300035722,0.01830753600470117,10.0,-89.83050847457628,0.08771545107670717,3,-94.11764705882354,0.0612119975515201,5,-90.625,0.07161271841879117,0,0.0,0.0
2501,Salt (including table salt and denatured salt); pure sodium chloride whether or not in aqueous solution; sea water,import,447940.8,447940.8,-94.60745875460907,0.11120397051410742,17.0,-94.55128205128206,0.1491162668304022,2,-97.87234042553192,0.040807998367680065,17,-94.55128205128206,0.24348324262389,0,0.0,0.0
2507,Kaolin and other kaolinic clays; whether or not calcined,import,45132.0,45132.0,-86.10775936368785,0.01120428770329181,4.0,-85.18518518518519,0.035086180430682866,1,-88.88888888888889,0.020403999183840033,2,-85.71428571428571,0.028645087367516472,0,0.0,0.0
2523,"Portland cement, aluminous cement (ciment fondu), slag cement, supersulphate cement and similar hydraulic cements, whether or not coloured or in the form of clinkers",import,78539461.0,78539461.0,-93.59980704527608,19.497888795211082,1.0,0.0,0.008771545107670716,5,-93.33333333333333,0.10201999591920016,1,0.0,0.014322543683758236,4,-93.33333333333333,0.25957170668397145
2709,Petroleum oils and oils obtained from bituminous minerals; crude,import,6284558.35,6284558.35,-78.31619143159537,1.5601790268883466,2.0,0.0,0.017543090215341433,3,-75.0,0.0612119975515201,1,0.0,0.014322543683758236,2,-75.0,0.12978585334198572
2710,"Petroleum oils and oils from bituminous minerals, not crude; preparations n.e.c, containing by weight 70% or more of petroleum oils or oils from bituminous minerals; these being the basic constituents",import,82949607.27,82949607.27,129.84026462872134,20.592733863514713,110.0,100.0,0.9648699618437788,58,0.0,1.183431952662722,59,0.0,0.8450300773417359,18,0.0,1.1680726800778716
2711,Petroleum gases and other gaseous hydrocarbons,import,7999299.91,7999299.91,-86.85792627079272,1.9858738282494965,22.0,0.0,0.19297399236875576,13,-87.83783783783784,0.26525198938992045,11,0.0,0.15754798052134059,9,-87.83783783783784,0.5840363400389358
2712,"Petroleum jelly; paraffin wax, micro-crystalline petroleum wax, slack wax, ozokerite, lignite wax, peat wax, other mineral waxes, similar products obtained by synthesis, other processes; coloured or n",import,56843.0,56843.0,-53.86734233429965,0.01411161317730693,4.0,-60.0,0.035086180430682866,2,-60.0,0.040807998367680065,2,-60.0,0.028645087367516472,0,0.0,0.0
2804,"Hydrogen, rare gases and other non-metals",import,97599.99,97599.99,-68.11020604207101,0.02422977860051413,5.0,-68.75,0.043857725538353584,3,-72.72727272727273,0.0612119975515201,5,-66.66666666666667,0.07161271841879117,0,0.0,0.0
2805,"Alkali or alkaline-earth metals; rare-earth metals, scandium and yttrium, whether or not intermixed or interalloyed; mercury",import,15113.0,15113.0,-51.945945945945944,0.003751892228570618,1.0,-66.66666666666667,0.008771545107670716,1,-50.0,0.020403999183840033,1,-50.0,0.014322543683758236,0,0.0,0.0
2806,Hydrogen chloride (hydrochloric acid); chlorosulphuric acid,import,53454.0,53454.0,-68.28588642867902,0.01327027375014979,3.0,-66.66666666666667,0.026314635323012148,2,-50.0,0.040807998367680065,3,-66.66666666666667,0.042967631051274706,0,0.0,0.0
2809,Diphosphorus pentoxide; phosphoric acid and polyphosphoric acids,import,27200.0,27200.0,-50.03673769287289,0.0067525619411844635,1.0,-50.0,0.008771545107670716,1,-50.0,0.020403999183840033,1,-50.0,0.014322543683758236,0,0.0,0.0
2811,Inorganic acids and other inorganic oxygen compounds of non-metals; n.e.c. in heading no. 2806 to 2810,import,176495.0,176495.0,-63.63636363636363,0.043815934551814414,9.0,-63.63636363636363,0.07894390596903644,8,-63.63636363636363,0.16323199347072026,9,-63.63636363636363,0.1289028931538241,0,0.0,0.0
2815,Sodium hydroxide (caustic soda); potassium hydroxide (caustic potash) peroxides of sodium or potassium,import,2000817.0,2000817.0,9.731935626818064,0.4967147325542234,0.0,0.0,0.0,2,0.0,0.040807998367680065,0,0.0,0.0,2,0.0,0.12978585334198572
2827,Chlorides; chloride oxides and chloride hydroxides; bromides and bromide oxides; iodides and iodide oxides,import,225892.8,225892.8,213.04434589800442,0.05607923250248507,16.0,220.0,0.14034472172273146,1,-66.66666666666667,0.020403999183840033,8,166.66666666666666,0.11458034947006589,0,0.0,0.0
2828,Hypochlorites; commercial calcium hypochlorite; chlorites; hypobromites,import,22840.0,22840.0,-66.54460231434012,0.00567016598296519,1.0,-75.0,0.008771545107670716,1,-66.66666666666667,0.020403999183840033,1,-66.66666666666667,0.014322543683758236,0,0.0,0.0
2835,"Phosphinates (hypophosphites), phosphonates (phosphites), and phosphates; and polyphosphates, whether or not chemically defined",import,29528.5,29528.5,-95.25682689457228,0.007330625929421524,3.0,-93.33333333333333,0.026314635323012148,2,-92.85714285714286,0.040807998367680065,2,-95.23809523809524,0.028645087367516472,0,0.0,0.0
2836,Carbonates; peroxocarbonates (percarbonates); commercial ammonium carbonate containing ammonium carbamate,import,515796.0,515796.0,-78.90084255872229,0.12804942790496993,26.0,-78.82352941176471,0.22806017279943863,4,-84.21052631578948,0.08161599673536013,19,-78.43137254901961,0.27212832999140646,0,0.0,0.0
2837,"Cyanides, cyanide oxides and complex cyanides",import,47850.0,47850.0,-88.42485079306101,0.011879047385502816,4.5,-86.66666666666667,0.03947195298451822,1,-88.88888888888889,0.020403999183840033,2,-86.66666666666667,0.028645087367516472,0,0.0,0.0
2839,Silicates; commercial alkali metal silicates,import,224480.0,224480.0,-33.333333333333336,0.05572849649106943,8.0,-33.333333333333336,0.07017236086136573,1,-66.66666666666667,0.020403999183840033,8,-33.333333333333336,0.11458034947006589,0,0.0,0.0
2842,"Salts of inorganic acids or peroxoacids, n.e.c. including aluminosilicates whether or not chemically defined, but excluding azides",import,98967.0,98967.0,-93.22629686433129,0.02456914697180893,6.0,-91.17647058823529,0.052629270646024295,4,-81.81818181818181,0.08161599673536013,4,-93.93939393939394,0.057290174735032943,0,0.0,0.0
2902,Cyclic hydrocarbons,import,19716.0,19716.0,-50.291203388548524,0.004894614383543857,1.0,-50.0,0.008771545107670716,1,-50.0,0.020403999183840033,1,-50.0,0.014322543683758236,0,0.0,0.0
2905,"Acyclic alcohols and their halogenated, sulphonated, nitrated or nitrosated derivatives",import,141240.0,141240.0,-96.61452790353849,0.03506367090341521,10.0,-96.91358024691358,0.08771545107670717,1,-97.29729729729729,0.020403999183840033,5,-96.71052631578948,0.07161271841879117,0,0.0,0.0
2912,"Aldehydes, whether or not with other oxygen function; cyclic polymers of aldehydes; paraformaldehyde",import,23115.46,23115.46,30.69032972997421,0.005738550567976905,4.0,100.0,0.035086180430682866,2,100.0,0.040807998367680065,2,100.0,0.028645087367516472,0,0.0,0.0
2915,"Acids; saturated acyclic monocarboxylic acids and their anhydrides, halides, peroxides and peroxyacids; their halogenated, sulphonated, nitrated or nitrosated derivatives",import,165472.0,165472.0,0.23867505058214905,0.041079409173958664,12.0,33.333333333333336,0.10525854129204859,4,-20.0,0.08161599673536013,6,0.0,0.08593526210254941,0,0.0,0.0
2916,"Acids; unsaturated acyclic monocarboxylic, cyclic monocarboxylic, their anhydrides, halides, peroxides and peroxyacids; their halogenated, sulphonated, nitrated or nitrosated derivatives",import,26135.2,26135.2,-76.49475486739671,0.00648821900166339,2.0,-75.0,0.017543090215341433,1,-75.0,0.020403999183840033,1,-75.0,0.014322543683758236,0,0.0,0.0
2918,"Acids; carboxylic acid with additional oxygen function and their anhydrides, halides, peroxides, peroxyacids; their halogenated, sulphonated, nitrated or nitrosated derivatives",import,370915.99,370915.99,-87.47278285346553,0.09208210284745431,17.0,-91.13924050632912,0.1491162668304022,6,-92.85714285714286,0.1224239951030402,14,-87.5,0.2005156115726153,0,0.0,0.0
2936,"Provitamins, vitamins; natural or reproduced by synthesis (including natural concentrates) derivatives thereof used as vitamins, and intermixtures of the fore-going, whether or not in any solvent",import,26500.0,26500.0,-59.21834651170664,0.006578782773580452,2.0,-50.0,0.017543090215341433,1,-66.66666666666667,0.020403999183840033,1,-66.66666666666667,0.014322543683758236,0,0.0,0.0
3002,"Human blood; animal blood for therapeutic, prophylactic or diagnostic uses; antisera, other blood fractions, immunological products, modified or obtained by biotechnological processes; vaccines, toxin",import,217.0,217.0,-98.46241054347055,5.3871541957243704e-05,0.0,0.0,0.0,1,-93.33333333333333,0.020403999183840033,0,0.0,0.0,1,-93.75,0.06489292667099286
3003,"Medicaments; (not goods of heading no. 3002, 3005 or 3006) of two or more constituents mixed together for therapeutic or prophylactic use not in measured doses or in forms or packings for retail sale",import,4910.99,4910.99,-86.06959043547039,0.0012191825061594664,2.0,-80.0,0.017543090215341433,4,-75.0,0.08161599673536013,1,-80.0,0.014322543683758236,3,0.0,0.1946787800129786
3004,"Medicaments; (not goods of heading no. 3002, 3005 or 3006) consisting of mixed or unmixed products for therapeutic or prophylactic use, put up in measured doses (incl. those in the form of transdermal",import,276918.38,276918.38,-81.85704943615065,0.0687466365295021,26.25,-75.0,0.2302530590763563,16,-75.0,0.3264639869414405,13,-75.0,0.18619306788885706,5,0.0,0.3244646333549643
3005,"Wadding, gauze, bandages (dressings, adhesive plasters, poultices), impregnated or coated with pharmaceutical substances or in forms or packings for retail sale, for medical, surgical or veterinary us",import,29000.0,29000.0,-49.05443270354072,0.0071994226578804945,4.0,-33.333333333333336,0.035086180430682866,2,-33.333333333333336,0.040807998367680065,2,-33.333333333333336,0.028645087367516472,0,0.0,0.0
3006,Pharmaceutical goods,import,279042.72,279042.72,-45.77145787955544,0.06927401658222768,69.0,-46.34146341463415,0.6052366124292794,54,-45.45454545454545,1.1018159559273617,38,-45.45454545454545,0.5442566599828129,22,0.0,1.427644386761843
3203,"Colouring matter of vegetable or animal origin (including dyeing extracts, not animal black); whether or not chemically defined; preparations based on colouring matter of vegetable or animal origin",import,626274.0,626274.0,451.18110236220474,0.15547624916004998,27.0,212.5,0.23683171790710936,4,-75.0,0.08161599673536013,27,212.5,0.38670867946147236,0,0.0,0.0
3204,Synthetic organic colouring matter and preparations based thereon; synthetic organic products used as fluorescent brightening agents or as luminophores; whether or not chemically defined,import,3265423.0,3265423.0,-56.92850798666911,0.8106607011642792,135.0,-57.94392523364486,1.1841585895355466,12,-69.23076923076923,0.2448479902060804,135,-57.94392523364486,1.9335433973073617,0,0.0,0.0
3209,"Paints and varnishes (including enamels and lacquers) based on synthetic or chemically modified natural polymers, dispersed or dissolved in an aqueous medium",import,33359.0,33359.0,-16.20352250489237,0.008281570360146049,3.0,0.0,0.026314635323012148,2,-50.0,0.040807998367680065,2,-50.0,0.028645087367516472,0,0.0,0.0
3214,"Glaziers' putty, grafting putty, resin cements, caulking compounds and other mastics; painters' fillings; non-refractory surfacing preparations for facades, indoor walls, floors, ceilings or the like",import,140384.0,140384.0,47.97979797979798,0.03485116380703088,10.75,50.0,0.0942941099074602,3,0.0,0.0612119975515201,5,50.0,0.07161271841879117,0,0.0,0.0
3302,"Odoriferous substances and mixtures (including alcoholic solutions) with a basis of one or more of these substances, of a kind used as raw materials in industry; other preparations based on odoriferou",import,6480.0,6480.0,-20.86945903040664,0.0016086985801057106,1.0,-50.0,0.008771545107670716,1,-50.0,0.020403999183840033,1,-50.0,0.014322543683758236,0,0.0,0.0
3303,Perfumes and toilet waters,import,121133.21,121133.21,-97.88670964323858,0.030072040575717107,24.0,-97.95918367346938,0.2105170825840972,13,-97.95918367346938,0.26525198938992045,14,-97.95918367346938,0.2005156115726153,0,0.0,0.0
3304,"Cosmetic and toilet preparations; beauty, make-up and skin care preparations (excluding medicaments, including sunscreen or sun tan preparations), manicure or pedicure preparations",import,905000.26,905000.26,-50.0783765508869,0.22467170266316341,82.0,-28.571428571428573,0.7192666988289987,22,-16.666666666666668,0.4488879820444807,41,-37.5,0.5872242910340877,0,0.0,0.0
3305,Hair preparations; for use on the hair,import,125493.25,125493.25,-94.39719012001508,0.03115444646417453,10.0,-93.84615384615384,0.08771545107670717,5,-93.10344827586206,0.10201999591920016,5,-93.93939393939394,0.07161271841879117,0,0.0,0.0
3306,"Oral or dental hygiene preparations; including fixative pastes and powders; yarn used to clean between the teeth (dental floss), in individual retail packages",import,578067.08,578067.08,-82.63405750279652,0.1435085942595454,50.0,-81.81818181818181,0.4385772553835358,13,-82.3529411764706,0.26525198938992045,25,-81.81818181818181,0.3580635920939559,0,0.0,0.0
3307,"Perfumery, cosmetic or toilet preparations; pre-shave, shaving, after-shave, bath preparations; personal deodorants and depilatories; room deodorisers, perfumed or not with disinfectant properties or ",import,6204.0,6204.0,-50.0,0.0015401799368789859,1.0,-55.55555555555556,0.008771545107670716,1,0.0,0.020403999183840033,1,0.0,0.014322543683758236,0,0.0,0.0
3401,"Soap; organic surface-active preparations used as soap, skin washing, in bars, cakes, moulded pieces, shapes, liquid or cream, containing soap or not; for retail, paper, wadding, felt and nonwovens, i",import,755923.22,755923.22,-56.2707154589099,0.18766243992020626,61.5,-50.0,0.539450024121749,17,-75.0,0.3468679861252806,33,-75.0,0.4726439415640218,0,0.0,0.0
3402,"Organic surface-active agents (not soap); surface-active, washing (including auxiliary washing) and cleaning preparations, containing soap or not, excluding those of heading no. 3401",import,72045.03,72045.03,-75.72757749275641,0.01788560763343724,6.0,-75.0,0.052629270646024295,3,-77.77777777777777,0.0612119975515201,3,-77.77777777777777,0.042967631051274706,0,0.0,0.0
3406,"Candles, tapers and the like",import,92140.0,92140.0,-82.9252883309703,0.02287430357576237,8.0,-83.33333333333333,0.07017236086136573,2,-93.75,0.040807998367680065,4,-83.33333333333333,0.057290174735032943,0,0.0,0.0
3504,"Peptones and their derivatives; other protein substances and their derivatives n.e.c. or included; hide powder, whether or not chromed",import,26480.0,26480.0,,0.006573817654506052,2.0,,0.017543090215341433,1,,0.020403999183840033,1,,0.014322543683758236,0,,0.0
3506,"Prepared glues and other prepared adhesives, n.e.c. or included; products suitable for use as glues or adhesives, put up for retail sale as glues or adhesives, not exceeding 1kg net weight",import,134695.8,134695.8,-87.9822020732558,0.03343903429108067,16.0,-89.0625,0.14034472172273146,7,-89.0909090909091,0.14282799428688023,8,-89.39393939393939,0.11458034947006589,0,0.0,0.0
3507,Enzymes; prepared enzymes not elsewhere specified or included,import,235.0,235.0,-97.96817206383571,5.834014912420401e-05,0.0,-100.0,0.0,1,0.0,0.020403999183840033,0,-100.0,0.0,1,100.0,0.06489292667099286
3605,Matches; other than pyrotechnic articles of heading no. 3604,import,85865.84,85865.84,-92.1510961684744,0.021316706001170388,10.0,-92.3076923076923,0.08771545107670717,2,-95.1219512195122,0.040807998367680065,5,-91.66666666666667,0.07161271841879117,0,0.0,0.0
3808,"Insecticides, rodenticides, fungicides, herbicides, anti-sprouting products, plant growth regulators, disinfectants and the like, put up in forms or packings for retail sale or as preparations or arti",import,522440.68,522440.68,-91.43880925684255,0.12969900927553424,40.0,-91.8840579710145,0.3508618043068287,8,-93.82716049382717,0.16323199347072026,20,-91.95402298850574,0.2864508736751647,0,0.0,0.0
3816,"Refractory cements, mortars, concretes and similar compositions; other than products of heading no. 3801",import,92402.22,92402.22,-92.08743726650955,0.022939401251946833,4.0,-92.0,0.035086180430682866,2,-92.85714285714286,0.040807998367680065,4,-92.0,0.057290174735032943,0,0.0,0.0
3822,"Reagents; diagnostic or laboratory reagents on a backing and prepared diagnostic or laboratory reagents whether or not on a backing, other than those of heading no. 3002 or 3006; certified reference m",import,6336.98,6336.98,-80.94645635202416,0.0015731930136046737,1.0,-75.0,0.008771545107670716,3,-50.0,0.0612119975515201,1,-50.0,0.014322543683758236,2,0.0,0.12978585334198572
3824,"Prepared binders for foundry moulds or cores; chemical products and preparations of the chemical or allied industries (including those consisting of mixtures of natural products), not elsewhere specif",import,23162.5,23162.5,-93.47539543057997,0.005750228528039894,3.0,-83.33333333333333,0.026314635323012148,3,-87.5,0.0612119975515201,2,-87.5,0.028645087367516472,1,0.0,0.06489292667099286
3901,"Polymers of ethylene, in primary forms",import,975343.0,975343.0,-90.03645561533476,0.24213470666914258,77.0,-93.54838709677419,0.6754089732906452,17,-77.77777777777777,0.3468679861252806,39,-90.47619047619048,0.5585792036665712,0,0.0,0.0
3904,"Polymers of vinyl chloride or of other halogenated olefins, in primary forms",import,74707.44,74707.44,-89.93733510221047,0.01854656676718095,6.0,-89.0909090909091,0.052629270646024295,1,-85.71428571428571,0.020403999183840033,3,-89.65517241379311,0.042967631051274706,0,0.0,0.0
3911,"Petroleum resins, coumarone-indene resins, polyterpenes, polysulphides, polysulphones and similar products of chemical synthesis n.e.c. in chapter 39, in primary forms",import,200817.5,200817.5,-71.38035774552819,0.04985413998616953,16.0,-71.42857142857143,0.14034472172273146,3,-71.42857142857143,0.0612119975515201,9,-71.42857142857143,0.1289028931538241,0,0.0,0.0
3912,"Cellulose and its chemical derivatives, n.e.c. or included, in primary forms",import,33363.5,33363.5,-75.3985082559726,0.00828268751193779,8.0,-76.47058823529412,0.07017236086136573,4,-71.42857142857143,0.08161599673536013,4,-76.47058823529412,0.057290174735032943,0,0.0,0.0
3917,"Tubes, pipes and hoses and fittings thereof (for example, joints, elbows, flanges), of plastics",import,194119.99,194119.99,-81.32602278710378,0.04819144325357017,34.0,-74.71264367816092,0.2982325336608044,10,-73.33333333333333,0.20403999183840033,17,-78.0,0.24348324262389,0,0.0,0.0
3923,"Plastic articles for the conveyance or packing of goods; stoppers, lids, caps and other closures of plastics",import,671352.79,671352.79,-91.36529011976765,0.16666732716404434,97.0,-92.15686274509804,0.8508398754440595,25,-93.18181818181819,0.5100999795960008,49,-92.24806201550388,0.7018046405041535,0,0.0,0.0
3926,"Articles of plastics and articles of other materials of heading no. 3901 to 3914, n.e.c. in chapter 39",import,295935.68,295935.68,-88.85205063749802,0.07346779447818177,28.0,-50.0,0.24560326301478008,12,0.0,0.2448479902060804,15,-50.0,0.21483815525637354,0,0.0,0.0
4011,"New pneumatic tyres, of rubber",import,1149788.17,1149788.17,-91.02141651935635,0.28544175871934313,162.5,-91.05960264900662,1.4253760799964914,54,-86.89138576779027,1.1018159559273617,81,-91.07438016528926,1.160126038384417,0,0.0,0.0
4013,"Inner tubes, of rubber",import,11188.0,11188.0,-35.005257440294656,0.002777487610219551,2.0,0.0,0.017543090215341433,1,0.0,0.020403999183840033,1,0.0,0.014322543683758236,0,0.0,0.0
4015,"Articles of apparel and clothing accessories (including gloves, mittens and mitts), for all purposes, of vulcanised rubber other than hard rubber",import,8688.0,8688.0,-24.18848167539267,0.002156847725919508,1.0,0.0,0.008771545107670716,1,0.0,0.020403999183840033,1,0.0,0.014322543683758236,0,0.0,0.0
4202,"Trunks; suit, camera, jewellery, cutlery cases; travel, tool, similar bags; wholly or mainly covered by leather, composition leather, plastic sheeting, textile materials, vulcanised fibre, paperboard",import,102850.0,102850.0,-89.85296527382822,0.025533124840103755,14.0,-89.55223880597015,0.12280163150739003,7,-88.33333333333333,0.14282799428688023,7,-89.55223880597015,0.10025780578630765,0,0.0,0.0
4203,"Articles of apparel and clothing accessories, of leather or of composition leather",import,27288.0,27288.0,-34.46685878962536,0.006774408465111826,2.0,-50.0,0.017543090215341433,1,-50.0,0.020403999183840033,1,-50.0,0.014322543683758236,0,0.0,0.0
4407,"Wood sawn or chipped lengthwise, sliced or peeled, whether or not planed, sanded or end-jointed, of a thickness exceeding 6mm",import,958110.0,958110.0,3.08593263280309,0.23785651181868553,32.25,12.5,0.2828823297223806,10,0.0,0.20403999183840033,16,0.0,0.22916069894013177,3,0.0,0.1946787800129786
4411,"Fibreboard of wood or other ligneous materials, whether or not bonded with resins or other organic substances",import,268128.0,268128.0,-89.69072561330701,0.06656437235904074,20.0,-89.87341772151899,0.17543090215341434,1,-91.66666666666667,0.020403999183840033,10,-89.69072164948453,0.14322543683758235,0,0.0,0.0
4412,"Plywood, veneered panels and similar laminated wood",import,960140.0,960140.0,-93.27837026755607,0.23836047140473718,56.0,-93.52831362787803,0.49120652602956016,11,-89.58333333333333,0.22444399102224036,28,-93.36734693877551,0.4010312231452306,1,0.0,0.06489292667099286
4418,"Builders' joinery and carpentry of wood, including cellular wood panels, assembled flooring panels, shingles and shakes",import,213708.0,213708.0,-84.56266872210735,0.053054283357597404,20.0,-85.48094373865699,0.17543090215341434,2,-90.0,0.040807998367680065,10,-85.29411764705883,0.14322543683758235,0,0.0,0.0
4420,"Wood marquetry and inlaid wood; caskets and cases for jewellery or cutlery, and similar articles of wood; statuettes and other ornaments of wood; wooden articles of furniture not falling in chapter 94",import,91315.99,91315.99,-65.80501660038632,0.02266973818733754,5.0,-73.6842105263158,0.043857725538353584,2,-75.0,0.040807998367680065,4,-69.23076923076923,0.057290174735032943,0,0.0,0.0
4421,Wooden articles n.e.c. in heading no. 4414 to 4420,import,329143.0,329143.0,-49.51722266761714,0.08171170937526757,24.0,-61.35265700483092,0.2105170825840972,3,-66.66666666666667,0.0612119975515201,12,-56.52173913043478,0.17187052420509882,0,0.0,0.0
4504,Agglomerated cork (with or without a binding substance) and articles of agglomerated cork,import,16194.0,16194.0,-55.75530723204284,0.004020256914541956,3.0,-57.142857142857146,0.026314635323012148,2,-71.42857142857143,0.040807998367680065,2,-71.42857142857143,0.028645087367516472,0,0.0,0.0
4802,"Uncoated paper and paperboard, used for writing, printing or other graphics, non perforated punch-cards and punch tape paper, in rolls or rectangular sheets, of any size, other than paper of heading 4",import,18030.0,18030.0,-36.49172243747798,0.004476054845571908,1.0,-50.0,0.008771545107670716,1,0.0,0.020403999183840033,1,0.0,0.014322543683758236,0,0.0,0.0
4804,"Uncoated kraft paper and paperboard, in rolls or sheets, other than that of heading no. 4802 or 4803",import,24352.0,24352.0,-74.76842737841142,0.006045528984989855,2.0,-75.0,0.017543090215341433,1,-75.0,0.020403999183840033,1,-75.0,0.014322543683758236,0,0.0,0.0
4809,"Carbon paper, self copy paper, and other copying or transfer papers (including coated or impregnated paper for duplicator stencils or offset plates), whether or not printed, in rolls or sheets",import,47147.0,47147.0,-17.93329322906223,0.011704523450037644,4.0,0.0,0.035086180430682866,2,0.0,0.040807998367680065,2,-50.0,0.028645087367516472,0,0.0,0.0
4812,"Filter blocks, slabs and plates of paper pulp",import,23669.0,23669.0,-81.69207350088332,0.005875970168599084,2.0,-83.33333333333333,0.017543090215341433,1,-83.33333333333333,0.020403999183840033,1,-83.33333333333333,0.014322543683758236,0,0.0,0.0
4813,"Cigarette paper, whether or not cut to size or in the form of booklets or tubes",import,12550.0,12550.0,-49.290470649081975,0.003115612219186214,1.0,-50.0,0.008771545107670716,1,-50.0,0.020403999183840033,1,-50.0,0.014322543683758236,0,0.0,0.0
4817,"Envelopes, letter cards, plain postcards and correspondence cards, of paper, paperboard; boxes, pouches, wallets and writing compendiums, of paper or paperboard containing assortment of paper statione",import,18058.0,18058.0,-0.019821078776063587,0.004483006012276068,2.0,0.0,0.017543090215341433,1,0.0,0.020403999183840033,1,0.0,0.014322543683758236,0,0.0,0.0
4818,"Toilet paper, width 36cm or less or cut to size/shape; handkerchiefs, tissues, towels, serviettes, bed sheets and similar household or hospital articles, apparel and clothing accessories of paper pulp",import,374109.58,374109.58,-96.04594808782323,0.09287493057869503,52.0,-96.20253164556962,0.45612034559887726,7,-97.22222222222223,0.14282799428688023,26,-96.20253164556962,0.3723861357777141,0,0.0,0.0
4819,"Cartons, boxes, cases, bags and the like, of paper, paperboard, cellulose wadding or fibres; box files, letter trays and the like, of paper or paperboard, of a kind used in offices, shops or the like",import,282970.27,282970.27,-95.13928178491597,0.07024905425326072,77.0,-94.28571428571429,0.6754089732906451,27,-90.0,0.550907977963681,41,-94.33962264150944,0.5872242910340877,0,0.0,0.0
4820,"Registers, account books, diaries and similar; albums for samples or collections, of paper or paperboard",import,1488665.9,1488665.9,-42.14874838716712,0.3695701727749675,106.0,-43.67816091954023,0.9297837814130959,7,-62.5,0.14282799428688023,53,-43.67816091954023,0.7590948152391865,0,0.0,0.0
4901,Animals; live,import,4487.0,4487.0,-94.62988450721082,0.0011139244643417166,0.0,0.0,0.0,13,-91.0958904109589,0.26525198938992045,0,0.0,0.0,13,-91.44736842105263,0.8436080467229072
4901,"Printed books, brochures, leaflets and similar printed matter, whether or not in single sheets",import,40041.1,40041.1,-83.94410677019624,0.009940441468498575,5.0,-71.42857142857143,0.043857725538353584,4,-71.42857142857143,0.08161599673536013,4,-71.42857142857143,0.057290174735032943,0,0.0,0.0
4911,"Printed matter, n.e.c., including printed pictures and photographs",import,27748.0,27748.0,-71.11327970877589,0.006888606203823033,4.0,-71.42857142857143,0.035086180430682866,1,-66.66666666666667,0.020403999183840033,4,-71.42857142857143,0.057290174735032943,0,0.0,0.0
5402,"Synthetic filament yarn (other than sewing thread), not put up for retail sale, including synthetic monofilament of less than 67 decitex",import,26460.0,26460.0,-82.31696775158909,0.006568852535431651,2.0,-88.88888888888889,0.017543090215341433,1,-88.88888888888889,0.020403999183840033,1,-88.88888888888889,0.014322543683758236,0,0.0,0.0
5601,"Wadding of textile materials and articles thereof; textile fibres, not exceeding 5 mm in length (flock), textile dust and mill neps",import,16654.0,16654.0,,0.004134454653253164,2.0,,0.017543090215341433,1,,0.020403999183840033,1,,0.014322543683758236,0,,0.0
5603,"Nonwovens; whether or not impregnated, coated, covered or laminated",import,595432.21,595432.21,-95.56134039576533,0.14781959116916749,62.25,-95.97989949748744,0.5460286829525021,25,-96.55172413793103,0.5100999795960008,32,-96.19047619047619,0.45832139788026355,0,0.0,0.0
5607,"Twine, cordage, ropes and cables, whether or not plaited or braided; whether or not impregnated, coated, covered or sheathed with rubber or plastics",import,23008.0,23008.0,-66.5123861089279,0.005711872983190152,2.0,-66.66666666666667,0.017543090215341433,1,-66.66666666666667,0.020403999183840033,1,-66.66666666666667,0.014322543683758236,0,0.0,0.0
5608,"Twine, cordage or rope; knotted netting, made up fishing nets and other made up nets, of textile materials",import,63163.8,63163.8,-4.232804232804233,0.015680789409580412,4.0,0.0,0.035086180430682866,2,0.0,0.040807998367680065,3,0.0,0.042967631051274706,0,0.0,0.0
5703,"Carpets and other textile floor coverings; tufted, whether or not made up",import,25578.0,25578.0,,0.006349890784250596,2.0,,0.017543090215341433,1,,0.020403999183840033,1,,0.014322543683758236,0,,0.0
6107,"Underpants, briefs, nightshirts, pyjamas, bathrobes, dressing gowns and similar articles; men's or boys', knitted or crocheted",import,20030.0,20030.0,-66.12376748355236,0.004972566753011941,2.0,-66.66666666666667,0.017543090215341433,1,-66.66666666666667,0.020403999183840033,1,-66.66666666666667,0.014322543683758236,0,0.0,0.0
6108,"Slips, petticoats, briefs, panties, nightdresses, pyjamas, negligees, bathrobes, dressing gowns and similar articles; women's or girls', knitted or crocheted",import,21053.0,21053.0,-98.61169800550863,0.005226532593667519,2.0,-98.48484848484848,0.017543090215341433,1,-98.4375,0.020403999183840033,1,-98.48484848484848,0.014322543683758236,0,0.0,0.0
6110,"Jerseys, pullovers, cardigans, waistcoats and similar articles; knitted or crocheted",import,26144.2,26144.2,-89.68914655308409,0.00649045330524687,2.0,-92.3076923076923,0.017543090215341433,1,-90.9090909090909,0.020403999183840033,1,-92.3076923076923,0.014322543683758236,0,0.0,0.0
6204,"Suits, ensembles, jackets, dresses, skirts, divided skirts, trousers, bib and brace overalls, breeches and shorts (other than swimwear); women's or girls' (not knitted or crocheted)",import,147119.0,147119.0,-86.95777364349551,0.03652316765533519,12.0,-88.67924528301887,0.10525854129204859,6,-88.23529411764706,0.1224239951030402,6,-88.23529411764706,0.08593526210254941,0,0.0,0.0
6211,"Track suits, swimwear and other garments (not knitted or crocheted)",import,38355.0,38355.0,-53.11697836450312,0.009521857104931255,4.0,-60.0,0.035086180430682866,2,-60.0,0.040807998367680065,2,-60.0,0.028645087367516472,0,0.0,0.0
6212,"Brassieres, girdles, corsets, braces, suspenders, garters and similar articles and parts thereof; whether or not knitted or crocheted",import,13750.0,13750.0,,0.0034135193636502343,2.0,,0.017543090215341433,1,,0.020403999183840033,1,,0.014322543683758236,0,,0.0
6217,Sugars and sugar confectionery,import,20880.0,20880.0,-65.56160316674914,0.005183584313673956,2.0,-77.77777777777777,0.017543090215341433,1,-83.33333333333333,0.020403999183840033,2,-66.66666666666667,0.028645087367516472,0,0.0,0.0
6303,Curtains (including drapes) and interior blinds; curtain or bed valances,import,16796.0,16796.0,-91.12613921542729,0.004169706998681406,2.0,-90.9090909090909,0.017543090215341433,1,-90.9090909090909,0.020403999183840033,1,-90.9090909090909,0.014322543683758236,0,0.0,0.0
6305,"Sacks and bags, of a kind used for the packing of goods",import,218420.0,218420.0,-84.39214966275631,0.05422406541152613,17.0,-83.78378378378379,0.1491162668304022,10,-77.77777777777777,0.20403999183840033,10,-78.94736842105263,0.14322543683758235,0,0.0,0.0
6309,Textiles; worn clothing and other worn articles,import,4235023.3,4235023.3,-90.60099975716255,1.0513697483679938,345.25,-90.57692307692308,3.028375948423315,145,-89.23076923076923,2.9585798816568047,172,-90.51724137931035,2.4634775136064166,0,0.0,0.0
6403,"Footwear; with outer soles of rubber, plastics, leather or composition leather and uppers of leather",import,162182.0,162182.0,-91.47275009934665,0.04026264708621981,22.0,-90.67796610169492,0.19297399236875576,11,-90.67796610169492,0.22444399102224036,11,-90.67796610169492,0.15754798052134059,0,0.0,0.0
6404,"Dairy produce; birds' eggs; natural honey; edible products of animal origin, not elsewhere specified or included",import,17440.0,17440.0,,0.004329583832877098,2.0,,0.017543090215341433,1,,0.020403999183840033,1,,0.014322543683758236,0,,0.0
6405,Footwear; other footwear n.e.c. in chapter 64,import,827851.0,827851.0,-90.67178924184843,0.20551893954306985,104.0,-89.98073217726397,0.9122406911977545,52,-89.68253968253968,1.0610079575596818,52,-89.8635477582846,0.7447722715554282,0,0.0,0.0
6702,"Flowers, foliage and fruit, artificial, and parts thereof; articles made of artificial flowers, foliage or fruit",import,3080.0,3080.0,-49.673202614379086,0.0007646283374576526,2.0,0.0,0.017543090215341433,1,0.0,0.020403999183840033,1,0.0,0.014322543683758236,0,0.0,0.0
6704,"Wigs, false beards, eyebrows and eyelashes, switches and the like, of human or animal hair or of textile materials; articles of human hair, n.e.c. or included",import,75488.98,75488.98,-97.36731577639083,0.018740588725251292,6.0,-96.7741935483871,0.052629270646024295,3,-96.55172413793103,0.0612119975515201,3,-96.7741935483871,0.042967631051274706,0,0.0,0.0
6901,"Bricks, blocks, tiles and other ceramic goods of siliceous fossil meals (e.g. kieselguhr, tripolite or diatomite) or of similar siliceous earths",import,11000671.76,11000671.76,-74.48417737611535,2.730982259339658,417.0,-75.60483870967742,3.6577343098986885,65,-71.42857142857143,1.3262599469496021,410,-74.47257383966245,5.872242910340876,0,0.0,0.0
6910,"Ceramic sinks, wash basins, wash basin pedestals, baths, bidets, water closet pans, flushing cisterns, urinals and similar sanitary fixtures",import,49370.0,49370.0,-69.63583918126857,0.012256396435157243,2.0,-87.5,0.017543090215341433,1,-87.5,0.020403999183840033,2,-75.0,0.028645087367516472,0,0.0,0.0
7009,"Glass mirrors; whether or not framed, including rear-view mirrors",import,27000.0,27000.0,-10.711923595862325,0.006702910750440461,1.0,-50.0,0.008771545107670716,1,-50.0,0.020403999183840033,1,-50.0,0.014322543683758236,0,0.0,0.0
7010,"Carboys, bottles, flasks, jars, pots, phials, ampoules, containers of glass of a kind used for the conveyance or packing of goods; preserving jars of glass; stoppers, lids and other closures of glass",import,763011.21,763011.21,-50.54667882298997,0.18942207563761423,84.25,-50.0,0.7390026753212579,8,-50.0,0.16323199347072026,41,-50.0,0.5872242910340877,0,0.0,0.0
7016,"Glass; paving blocks, slabs, bricks, tiles etc, of pressed, moulded glass, whether or not wired, glass smallwares for decorative purposes leaded lights and the like; multicellular or foam glass",import,299143.25,299143.25,-83.52606108111632,0.07426409282765549,12.0,-83.33333333333333,0.1052585412920486,9,-84.90566037735849,0.1836359926545603,12,-82.75862068965517,0.17187052420509882,0,0.0,0.0
7020,Glass; articles n.e.c. in chapter 70,import,27395.04,27395.04,-65.81227270162552,0.0068009817823980155,4.0,-50.0,0.035086180430682866,2,-50.0,0.040807998367680065,2,-50.0,0.028645087367516472,0,0.0,0.0
7206,Iron and non-alloy steel in ingots or other primary forms (excluding iron of heading no. 7203),import,26260.7,26260.7,,0.006519375123855252,4.0,,0.035086180430682866,1,,0.020403999183840033,2,,0.028645087367516472,0,,0.0
7214,"Iron or non-alloy steel; bars and rods, not further worked than forged, hot-rolled, hot drawn or hot-extruded, but including those twisted after rolling",import,1858207.0,1858207.0,-95.68214122118941,0.4613109509942117,10.0,-80.0,0.08771545107670717,4,-81.25,0.08161599673536013,6,-87.23404255319149,0.08593526210254941,2,-50.0,0.12978585334198572
7217,Wire of iron or non-alloy steel,import,4761493.0,4761493.0,33.04756635622655,1.1820689858461852,6.0,-95.38461538461539,0.052629270646024295,3,-89.28571428571429,0.0612119975515201,6,-95.3125,0.08593526210254941,1,100.0,0.06489292667099286
7220,Stainless steel; flat-rolled products of width less than 600mm,import,558490.0,558490.0,-74.72730902557215,0.13864846759309232,3.0,-81.25,0.026314635323012148,2,-75.0,0.040807998367680065,3,-75.0,0.042967631051274706,1,0.0,0.06489292667099286
7225,"Alloy steel flat-rolled products, of a width 600mm or more",import,230155.0,230155.0,-95.77620722549459,0.057137349028430526,13.0,-94.41624365482234,0.11403008639971932,4,-92.3076923076923,0.08161599673536013,10,-95.3125,0.14322543683758235,0,0.0,0.0
7228,"Alloy steel bars, rods, shapes and sections; hollow drill bars and rods, of alloy or non-alloy steel",import,1040742.0,1040742.0,-30.698341154242964,0.25837039778647797,0.0,-100.0,0.0,1,-92.85714285714286,0.020403999183840033,0,-100.0,0.0,1,100.0,0.06489292667099286
7303,"Tubes, pipes and hollow profiles, of cast iron",import,7310.0,7310.0,,0.0018147510216933247,2.0,,0.017543090215341433,1,,0.020403999183840033,1,,0.014322543683758236,0,,0.0
7308,"Structures of iron or steel and parts thereof; plates, rods, angles, shapes, sections, tubes and the like, prepared for use in structures",import,726828.05,726828.05,-75.09681373904417,0.18043939074321025,52.0,-70.94972067039106,0.45612034559887726,9,-78.04878048780488,0.1836359926545603,27,-76.10619469026548,0.38670867946147236,0,0.0,0.0
7309,"Reservoirs, tanks, vats and similar containers; for any material (excluding compressed or liquefied gas), of iron or steel, capacity exceeding 300l, whether or not lined or heat insulated",import,1.0,1.0,-99.99833638938603,2.4825595372001703e-07,0.0,-100.0,0.0,1,-75.0,0.020403999183840033,0,-100.0,0.0,1,0.0,0.06489292667099286
7310,"Tanks, casks, drums, cans, boxes and similar containers, for any material (excluding compressed or liquefied gas), of iron or steel, capacity not exceeding 300l, whether or not lined or heat-insulated",import,17779.0,17779.0,,0.0044137426011881834,2.0,,0.017543090215341433,1,,0.020403999183840033,1,,0.014322543683758236,0,,0.0
7311,"Containers for compressed or liquefied gas, of iron or steel",import,208167.6,208167.6,-93.51088630018971,0.051678846071607026,22.0,-93.75,0.19297399236875576,6,-93.15068493150685,0.1224239951030402,11,-93.6,0.15754798052134059,0,0.0,0.0
7312,"Stranded wire, ropes, cables, plaited bands, slings and the like, of iron or steel, not electrically insulated",import,258643.35,258643.35,-97.43771355445115,0.06420975152759018,15.0,-97.44680851063829,0.13157317661506074,7,-94.28571428571429,0.14282799428688023,11,-97.43589743589743,0.15754798052134059,0,0.0,0.0
7313,"Barbed wire of iron or steel; twisted hoop or single flat wire, barbed or not and loosely twisted double wire, of a kind used for fencing, of iron or steel",import,256916.0,256916.0,-74.6285802137055,0.0637809266059319,15.0,-80.26315789473684,0.13157317661506074,4,-73.33333333333333,0.08161599673536013,10,-75.60975609756098,0.14322543683758235,0,0.0,0.0
7317,"Nails, tacks, drawing pins, corrugated nails, staples (not those of heading no. 8305) and the like, of iron or steel, with heads of other material or not, but excluding articles with heads of copper",import,223043.0,223043.0,-95.64139995740652,0.05537175268557377,8.0,-95.72192513368984,0.07017236086136573,5,-90.56603773584905,0.10201999591920016,8,-95.65217391304348,0.11458034947006589,0,0.0,0.0
7321,"Stoves, ranges, grates, cookers (those with subsidiary boilers for central heating), barbecues, braziers, gas-rings, plate warmers and similar non-electric domestic appliances and parts, of iron or st",import,383821.13999999996,383821.13999999996,-87.87561984859961,0.09528588316860419,94.0,-88.88888888888889,0.8245252401210473,25,-81.81818181818181,0.5100999795960008,47,-88.88888888888889,0.673159553136637,0,0.0,0.0
7323,"Table, kitchen, other household articles and parts, of iron or steel; iron or steel wool; pot scourers and scouring or polishing pads, gloves and the like, of iron or steel",import,57807.5,57807.5,-76.78639264778282,0.014351056044669887,8.0,-75.75757575757575,0.07017236086136573,4,-69.23076923076923,0.08161599673536013,4,-76.47058823529412,0.057290174735032943,0,0.0,0.0
7326,"Iron or steel; articles, n.e.c. in chapter 73",import,1768748.95,1768748.95,-84.27589721372601,0.4391024574735288,102.0,-80.6083650190114,0.894697600982413,11,-86.58536585365853,0.22444399102224036,57,-86.23188405797102,0.8163849899742194,1,100.0,0.06489292667099286
7604,"Aluminium; bars, rods and profiles",import,52110.0,52110.0,-88.3726054478728,0.01293661774835009,4.0,-88.88888888888889,0.035086180430682866,2,-88.88888888888889,0.040807998367680065,2,-88.88888888888889,0.028645087367516472,0,0.0,0.0
7609,"Aluminium; tube or pipe fittings (e.g. couplings, elbows, sleeves)",import,26630.0,26630.0,9.139344262295081,0.006611056047564054,2.0,0.0,0.017543090215341433,1,0.0,0.020403999183840033,1,0.0,0.014322543683758236,0,0.0,0.0
7610,"Aluminium; structures (excluding prefabricated buildings of heading no. 9406) and parts (e.g. bridges and sections, towers, lattice masts, etc) plates, rods, profiles and tubes for structures",import,9875.0,9875.0,-86.80500808402036,0.0024515275429851683,2.0,-71.42857142857143,0.017543090215341433,1,-75.0,0.020403999183840033,1,-75.0,0.014322543683758236,0,0.0,0.0
7612,"Aluminium casks, drums, cans, boxes etc (including rigid, collapsible tubular containers), for materials other than compressed, liquefied gas, 300l capacity or less, lined, heat-insulated or not",import,202007.97000000003,202007.97000000003,-47.009877493768904,0.0501496812513946,18.0,-47.05882352941177,0.1578878119380729,1,-66.66666666666667,0.020403999183840033,9,-47.05882352941177,0.1289028931538241,0,0.0,0.0
8112,"Beryllium, chromium, germanium, vanadium, gallium, hafnium, indium, niobium (columbium), rhenium and thallium; and articles of these metals, including waste and scrap",import,56290.0,56290.0,-31.679431005813743,0.01397432763489976,2.0,-50.0,0.017543090215341433,1,-66.66666666666667,0.020403999183840033,2,-33.333333333333336,0.028645087367516472,0,0.0,0.0
8201,"Tools, hand; spades, shovels, mattocks, picks, hoes, forks, rakes; axes, bill hooks etc; secateurs and pruners of any kind; scythes, sickles, hay knives, hedge shears, timber wedges and other tools us",import,90825.0,90825.0,-74.56010621313212,0.02254784699662055,7.0,-78.125,0.061400815753695014,3,-76.92307692307692,0.0612119975515201,4,-75.0,0.057290174735032943,0,0.0,0.0
8204,"Tools, hand; hand-operated spanners and wrenches (including torque meter wrenches but not including tap wrenches), interchangeable spanner sockets, with or without handles",import,61381.0,61381.0,-95.70900443002931,0.015238198695288366,8.0,-95.23809523809524,0.07017236086136573,2,-94.73684210526316,0.040807998367680065,4,-95.65217391304348,0.057290174735032943,0,0.0,0.0
8212,Razors and razor blades; (including razor blade blanks in strips),import,59106.6,59106.6,-54.854335562103884,0.01467356535414756,8.0,-55.55555555555556,0.07017236086136573,1,-75.0,0.020403999183840033,4,-55.55555555555556,0.057290174735032943,0,0.0,0.0
8301,"Padlocks and locks (key, combination, electrically operated) of base metal; clasps and frames with clasps incorporating locks, of base metal, keys for any or the foregoing articles, of base metal",import,84300.0,84300.0,-62.83812839766077,0.020927976898597437,8.0,-52.94117647058823,0.07017236086136573,4,-63.63636363636363,0.08161599673536013,4,-63.63636363636363,0.057290174735032943,0,0.0,0.0
8302,"Base metal mountings, fittings and similar articles for furniture, doors, staircases, windows, trunks, chests etc, castors with mountings of base metal, automatic door closers of base metal",import,4591.0,4591.0,,0.0011397430835285982,1.0,,0.008771545107670716,1,,0.020403999183840033,1,,0.014322543683758236,0,,0.0
8407,Reciprocating or rotary internal combustion piston engines,import,22644.6,22644.6,-89.50872977591835,0.005621656769608298,0.0,0.0,0.0,32,-73.77049180327869,0.652927973882881,0,0.0,0.0,32,-73.98373983739837,2.0765736534717716
8414,"Air or vacuum pumps, air or other gas compressors and fans; ventilating or recycling hoods incorporating a fan whether or not fitted with filters",import,115567.67,115567.67,-92.1101720942191,0.028690362135050204,22.0,-88.67924528301887,0.19297399236875576,9,-87.87878787878788,0.1836359926545603,11,-88.75,0.15754798052134059,0,0.0,0.0
8415,"Air conditioning machines; comprising a motor driven fan and elements for changing the temperature and humidity, including those machines in which the humidity cannot be separately regulated",import,74521.69,74521.69,-87.61759363791367,0.01850045322377746,18.0,-83.63636363636364,0.1578878119380729,8,-80.0,0.16323199347072026,9,-84.21052631578948,0.1289028931538241,0,0.0,0.0
8417,"Furnaces and ovens; industrial or laboratory, including incinerators, non-electric",import,50469.86,50469.86,,0.01252944322841574,8.0,,0.07017236086136573,2,,0.040807998367680065,4,,0.057290174735032943,0,,0.0
8418,"Refrigerators, freezers and other refrigerating or freezing equipment, electric or other; heat pumps other than air conditioning machines of heading no. 8415",import,361314.54,361314.54,-88.61479287966927,0.08969848572060925,140.0,-87.86729857819905,1.2280163150739003,38,-83.64485981308411,0.7753519689859212,71,-87.82771535580524,1.0169006015468347,0,0.0,0.0
8421,"Centrifuges, including centrifugal dryers; filtering or purifying machinery and apparatus for liquids or gases",import,8872.0,8872.0,-77.89603896605932,0.0022025268214039915,2.25,-76.3157894736842,0.01973597649225911,2,-83.33333333333333,0.040807998367680065,1,-83.33333333333333,0.014322543683758236,1,0.0,0.06489292667099286
8422,"Dish washing machines; machinery for cleaning, drying, filling, closing, sealing, capsuling or labelling bottles, cans, boxes, bags, etc, machinery for aerating beverages",import,3947.01,3947.01,-90.18320329696294,0.0009798687318924445,3.0,-70.0,0.026314635323012148,1,-50.0,0.020403999183840033,3,-40.0,0.042967631051274706,0,0.0,0.0
8428,"Lifting, handling, loading or unloading machinery; n.e.c. in heading no. 8425, 8426 or 8427 (e.g. lifts, escalators, conveyors, teleferics)",import,80700.0,80700.0,-22.329162656400385,0.020034255465205375,8.0,-20.0,0.07017236086136573,2,0.0,0.040807998367680065,4,-20.0,0.057290174735032943,0,0.0,0.0
8429,"Bulldozers, graders, levellers, scrapers, angledozers, mechanical shovels, excavators, shovel loaders, tamping machines and road rollers, self-propelled",import,114276.82,114276.82,-72.41696356740604,0.028369900937190717,2.0,-66.66666666666667,0.017543090215341433,10,-66.66666666666667,0.20403999183840033,1,-66.66666666666667,0.014322543683758236,9,0.0,0.5840363400389358
8436,"Agricultural, horticultural, forestry, poultry-keeping, bee-keeping machinery; including germination plant fitted with mechanical or thermal equipment; poultry incubators and brooders",import,68613.0,68613.0,5.304196162921925,0.01703358575259153,6.0,-33.333333333333336,0.052629270646024295,2,-75.0,0.040807998367680065,3,-33.333333333333336,0.042967631051274706,0,-100.0,0.0
8438,"Machinery n.e.c. in this chapter, for the industrial preparation or manufacture of food or drink; other than machinery for extraction or preparation of animal or fixed vegetable fats or oils",import,15110.0,15110.0,-94.25066876801526,0.0037511474607094582,4.0,-93.33333333333333,0.035086180430682866,2,-90.0,0.040807998367680065,2,-93.33333333333333,0.028645087367516472,0,0.0,0.0
8441,"Machines; for making up paper pulp, paper or paperboard, including cutting machines of all kinds",import,91572.0,91572.0,-85.182837202416,0.022733294194049403,8.0,-85.96491228070175,0.07017236086136573,3,-87.5,0.0612119975515201,4,-86.66666666666667,0.057290174735032943,2,0.0,0.12978585334198572
8443,"Printing machinery; used for printing by means of plates, cylinders and other printing components of heading 84.42; other printers, copying machines and facsimile machines, whether or not combined; pa",import,570.0,570.0,-93.07243558580457,0.00014150589362040973,0.0,-100.0,0.0,1,-66.66666666666667,0.020403999183840033,0,-100.0,0.0,1,-50.0,0.06489292667099286
8447,"Knitting machines, stitch-bonding machines and machines for making gimped yarn, tulle, lace, embroidery, trimmings, braid or net and machines for tufting",import,25240.0,25240.0,-51.47460299150229,0.00626598027189323,2.0,-50.0,0.017543090215341433,1,-50.0,0.020403999183840033,1,-50.0,0.014322543683758236,0,0.0,0.0
8450,Household or laundry-type washing machines; including machines which both wash and dry,import,18533.4,18533.4,-93.2145277073818,0.004601026892674565,8.0,-93.75,0.07017236086136573,4,-90.2439024390244,0.08161599673536013,4,-93.75,0.057290174735032943,0,0.0,0.0
8455,Metal-rolling mills and rolls therefor,import,1013082.0,1013082.0,-23.163932340647197,0.25150363810658233,0.0,-100.0,0.0,2,-81.81818181818181,0.040807998367680065,0,-100.0,0.0,2,200.0,0.12978585334198572
8459,"Machine-tools; (including way-type unit head machines) for drilling, boring, milling, threading or tapping by removing metal, other than lathes of heading no. 8458",import,11650.0,11650.0,,0.0028921818608381986,2.0,,0.017543090215341433,1,,0.020403999183840033,1,,0.014322543683758236,0,,0.0
8461,"Machine-tools; for planing, shaping, slotting, broaching, gear cutting and grinding, finishing, sawing, cutting off and other tools working by removing metal, sintered metal carbides or cermets n.e.c.",import,3945.4,3945.4,19.391151727894457,0.0009794690398069552,1.0,0.0,0.008771545107670716,1,0.0,0.020403999183840033,1,0.0,0.014322543683758236,0,0.0,0.0
8474,"Machinery for sorting, screening, separating, washing, crushing, grinding, mixing or kneading earth, stone, ores in solid form, shaping, moulding machinery for solid mineral fuels",import,81356.91,81356.91,-64.55821860036593,0.020197337283763595,9.25,-77.27272727272727,0.08113679224595413,6,-72.72727272727273,0.1224239951030402,5,-72.72727272727273,0.07161271841879117,1,0.0,0.06489292667099286
8501,Electric motors and generators (excluding generating sets),import,1756.47,1756.47,,0.00043605413503059837,1.0,,0.008771545107670716,2,,0.040807998367680065,1,,0.014322543683758236,1,,0.06489292667099286
8502,Electric generating sets and rotary converters,import,304726.27999999997,304726.27999999997,-82.61936173778228,0.07565011326495297,37.0,-86.44067796610169,0.3245471689838165,20,-83.63636363636364,0.40807998367680065,20,-85.9375,0.2864508736751647,4,0.0,0.25957170668397145
8503,Electric motors and generators; parts suitable for use solely or principally with the machines of heading no. 8501 or 8502,import,12732.0,12732.0,-56.73802242609582,0.003160794802763257,2.0,-33.333333333333336,0.017543090215341433,1,-50.0,0.020403999183840033,1,-50.0,0.014322543683758236,0,0.0,0.0
8504,"Electric transformers, static converters (e.g. rectifiers) and inductors",import,68381.45999999999,68381.45999999999,-82.58188817974434,0.0169761045690672,7.0,-82.14285714285714,0.06140081575369502,4,-83.33333333333333,0.08161599673536013,4,-84.21052631578948,0.057290174735032943,0,0.0,0.0
8506,Cells and batteries; primary,import,660469.8,660469.8,-91.2913442543045,0.16396556010226893,37.25,-91.78082191780823,0.3267400552607342,26,-89.69072164948453,0.5305039787798409,31,-91.61290322580645,0.4439988541965053,0,0.0,0.0
8509,"Electro-mechanical domestic appliances; with self-contained electric motor, other than vacuum cleaners of heading 85.08.",import,190762.85,190762.85,-69.23765490986806,0.04735801326109856,26.0,-66.15384615384616,0.22806017279943863,11,-70.0,0.22444399102224036,14,-63.63636363636363,0.2005156115726153,0,0.0,0.0
8515,Animal or vegetable fats and oils and their cleavage products; prepared animal fats; animal or vegetable waxes,import,1859.47,1859.47,,0.0004616244982637601,1.0,,0.008771545107670716,2,,0.040807998367680065,1,,0.014322543683758236,1,,0.06489292667099286
8515,"Electric (electrically heated gas) soldering, brazing, welding machines and apparatus, capable or not of cutting, electric machines and apparatus for hot spraying of metals or sintered carbides",import,55620.0,55620.0,-87.0257590700721,0.013807996145907348,2.0,-87.5,0.017543090215341433,2,-86.66666666666667,0.040807998367680065,2,-87.5,0.028645087367516472,0,0.0,0.0
8516,"Electric water, space, soil heaters; electro-thermic hair-dressing apparatus; hand dryers, irons; electro-thermic appliances for domestic purposes; electro heating resistors, not of heading no. 8545",import,9053.0,9053.0,,0.0022474611490273144,2.25,,0.01973597649225911,1,,0.020403999183840033,1,,0.014322543683758236,0,,0.0
8517,Sugars and sugar confectionery,import,5426.0,5426.0,-89.03838383838384,0.0013470368048848125,1.0,-83.33333333333333,0.008771545107670716,1,-66.66666666666667,0.020403999183840033,1,-66.66666666666667,0.014322543683758236,0,0.0,0.0
8517,"Telephone sets, including telephones for cellular networks or for other wireless networks; other apparatus for the transmission or reception of voice, images or other data (including wired/wireless ne",import,980.0,980.0,-99.52675801910951,0.0002432908346456167,1.0,-97.72727272727273,0.008771545107670716,1,-92.85714285714286,0.020403999183840033,1,-96.29629629629629,0.014322543683758236,0,0.0,0.0
8518,"Microphones and their stands; loudspeakers, mounted or not in their enclosures; headphones and earphones, combined or not with a microphone, and sets of a microphone and one or more loudspeakers; audi",import,66221.3,66221.3,-87.88454383782907,0.016439831988079363,12.0,-87.8048780487805,0.1052585412920486,6,-83.33333333333333,0.1224239951030402,6,-87.8048780487805,0.08593526210254941,0,0.0,0.0
8523,"Discs, tapes, solid-state non-volatile storage devices, smart cards and other media for the recording of sound or of other phenomena, whether or not recorded, including matrices and masters for the pr",import,10645.0,10645.0,-97.91666911303925,0.0026426846273495818,2.0,-97.05882352941177,0.017543090215341433,1,-97.05882352941177,0.020403999183840033,1,-97.05882352941177,0.014322543683758236,0,0.0,0.0
8528,"Monitors and projectors, not incorporating television reception apparatus; reception apparatus for television, whether or not incorporating radio-broadcast receivers or sound or video recording or rep",import,11158.35,11158.35,-92.7677665979468,0.0027701268211917525,3.0,-91.66666666666667,0.026314635323012148,2,-92.3076923076923,0.040807998367680065,2,-92.85714285714286,0.028645087367516472,0,0.0,0.0
8529,Transmission apparatus; parts suitable for use solely or principally with the apparatus of heading no. 8525 to 8528,import,53989.91,53989.91,-78.28317413815338,0.013403316598307884,6.0,-87.87878787878788,0.052629270646024295,2,-85.71428571428571,0.040807998367680065,3,-89.47368421052632,0.042967631051274706,0,0.0,0.0
8536,"Electrical apparatus for switching, protecting electrical circuits, for making connections to or in electrical circuits, for a voltage not exceeding 1000 volts; connectors for optical fibres, optical ",import,69311.45999999999,69311.45999999999,-22.493119457340637,0.017206982606026815,10.25,0.0,0.08990833735362484,5,0.0,0.10201999591920016,6,0.0,0.08593526210254941,0,0.0,0.0
8541,"Diodes, transistors, similar semiconductor devices; including photovoltaic cells assembled or not in modules or panels, light-emitting diodes (LED), mounted piezo-electric crystals",import,556997.02,556997.02,-87.26260842433861,0.13827782641930741,52.0,-87.22358722358722,0.45612034559887726,12,-91.66666666666667,0.2448479902060804,26,-87.19211822660098,0.3723861357777141,0,0.0,0.0
8542,Electronic integrated circuits,import,13643.5,13643.5,-60.224075753114356,0.0033870801045790527,2.0,-50.0,0.017543090215341433,2,-93.10344827586206,0.040807998367680065,1,-50.0,0.014322543683758236,1,-96.29629629629629,0.06489292667099286
8544,"Insulated wire, cable and other electric conductors, connector fitted or not; optical fibre cables of individually sheathed fibres, whether or not assembled with electric conductors or fitted with con",import,28175.0,28175.0,-93.28365758825356,0.0069946114960614805,4.0,-90.0,0.035086180430682866,2,-86.66666666666667,0.040807998367680065,2,-90.9090909090909,0.028645087367516472,0,0.0,0.0
8609,Containers; (including containers for transport of fluids) specially designed and equipped for carriage by one or more modes of transport,import,0.0,0.0,0.0,0.0,60.0,-56.52173913043478,0.526292706460243,1,-50.0,0.020403999183840033,30,-56.52173913043478,0.4296763105127471,0,0.0,0.0
8702,Vehicles; public transport passenger type,import,2128695.5100000002,2128695.5100000002,-90.9700488201469,0.5284613340145682,24.0,-50.0,0.21051708258409718,211,-20.0,4.305243827790247,8,-80.0,0.11458034947006589,205,100.0,13.303049967553536
8703,"Motor cars and other motor vehicles; principally designed for the transport of persons (other than those of heading no. 8702), including station wagons and racing cars",import,1130986.38,1130986.38,-70.10297577036759,0.2807741024112496,93.0,-75.25773195876289,0.8157536950133766,453,-88.88888888888889,9.243011630279534,58,-75.51020408163265,0.8307075336579777,417,0.0,27.06035042180402
8704,Vehicles; for the transport of goods,import,361069.87,361069.87,-58.449762656282765,0.08963774493641258,60.0,-52.63157894736842,0.526292706460243,93,-50.0,1.897571924097123,30,-52.63157894736842,0.4296763105127471,88,0.0,5.710577547047372
8705,"Special purpose motor vehicles; not those for the transport of persons or goods (e.g. breakdown lorries, road sweeper lorries, spraying lorries, mobile workshops, mobile radiological units etc)",import,7166.76,7166.76,-82.04548529168608,0.0017791908388824695,0.0,0.0,0.0,1,0.0,0.020403999183840033,0,0.0,0.0,1,0.0,0.06489292667099286
8706,"Chassis; fitted with engines, for the motor vehicles of heading no. 8701 to 8705",import,28490.0,28490.0,-45.16619512289008,0.007072812121483286,8.0,-33.333333333333336,0.07017236086136573,1,-66.66666666666667,0.020403999183840033,4,-33.333333333333336,0.057290174735032943,0,0.0,0.0
8708,"Motor vehicles; parts and accessories, of heading no. 8701 to 8705",import,439096.91000000003,439096.91000000003,-83.92184567662055,0.1090084221675625,41.0,-84.6938775510204,0.35963334941449937,26,-83.33333333333333,0.5305039787798409,24,-83.01886792452831,0.34374104841019765,6,0.0,0.3893575600259572
8710,"Tanks and other armoured fighting vehicles; motorised, whether or not fitted with weapons, and parts of such vehicles",import,36126.0,36126.0,,0.008968494584089336,2.0,,0.017543090215341433,1,,0.020403999183840033,2,,0.028645087367516472,0,,0.0
8711,"Motorcycles (including mopeds) and cycles; fitted with an auxiliary motor, with or without side-cars; side-cars",import,3545182.82,3545182.82,-75.94029415016806,0.8801127420909196,506.0,-72.40915208613728,4.4384018244813825,137,-76.54867256637168,2.7953478881860843,230,-74.22096317280453,3.2941850472643943,3,-100.0,0.1946787800129786
8714,Vehicles; parts and accessories of heading no. 8711 to 8713,import,1415240.25,1415240.25,-80.26116310396628,0.3513418180067054,116.0,-80.20477815699658,1.0174992324898031,43,-78.81773399014779,0.8773719649051214,58,-80.73089700996678,0.8307075336579777,0,0.0,0.0
8716,"Trailers and semi-trailers; other vehicles, not mechanically propelled; parts thereof",import,150346.99,150346.99,-87.41301597802264,0.03732453539138387,12.25,-86.11111111111111,0.10745142756896628,5,-92.3076923076923,0.10201999591920016,6,-85.29411764705883,0.08593526210254941,2,-100.0,0.12978585334198572
8803,Aircraft; parts of heading no. 8801 or 8802,import,40586.98,40586.98,,0.010075959428515259,0.0,,0.0,1,,0.020403999183840033,0,,0.0,1,,0.06489292667099286
8903,"Yachts and other vessels; for pleasure or sports, rowing boats and canoes",import,4536.0,4536.0,-67.22590714007023,0.0011260890060739975,0.0,0.0,0.0,1,-83.33333333333333,0.020403999183840033,0,0.0,0.0,1,-83.33333333333333,0.06489292667099286
9001,"Optical fibres and optical fibre bundles; optical fibre cables not of heading no. 8544; sheets, plates of polarising material; lenses, prisms, mirrors, of any material; unmounted; not non optical glas",import,21740.0,21740.0,-63.38941903689586,0.005397084433873171,2.0,-66.66666666666667,0.017543090215341433,1,-66.66666666666667,0.020403999183840033,1,-66.66666666666667,0.014322543683758236,0,0.0,0.0
9018,"Instruments and appliances used in medical, surgical, dental or veterinary sciences, including scintigraphic apparatus, other electro-medical apparatus and sight testing instruments",import,115572.40000000001,115572.40000000001,-39.548422121791255,0.0286915363857113,22.0,-52.94117647058823,0.19297399236875576,11,-71.42857142857143,0.22444399102224036,12,-55.55555555555556,0.17187052420509882,3,0.0,0.1946787800129786
9401,"Seats (not those of heading no. 9402), whether or not convertible into beds and parts thereof",import,87682.25,87682.25,-64.61821703471304,0.021767640598066965,20.0,-70.58823529411765,0.17543090215341434,10,-67.74193548387096,0.20403999183840033,10,-70.58823529411765,0.14322543683758235,0,0.0,0.0
9403,"Furniture and parts thereof, n.e.c. in chapter 94",import,192834.63999999998,192834.63999999998,-90.59151059471714,0.04787234746345615,35.0,-90.95744680851064,0.3070040787684751,15,-90.78947368421052,0.30605998775760046,19,-90.52631578947368,0.27212832999140646,0,0.0,0.0
9404,"Mattress supports; articles of bedding (e.g. mattresses, quilts, eiderdowns, cushions pouffes and pillows), fitted with springs or stuffed, whether or not covered",import,75468.0,75468.0,-54.024444998144965,0.018735380315342248,14.0,-30.0,0.12280163150739003,5,-37.5,0.10201999591920016,7,-30.0,0.10025780578630765,0,0.0,0.0
9405,"Lamps, light fittings; including searchlights, spotlights and parts thereof, n.e.c.; illuminated signs, name-plates and the like, having permanently fixed light source and parts thereof n.e.c. or incl",import,28178.8,28178.8,-94.03611016687893,0.006995554868685617,8.0,-87.5,0.07017236086136573,5,-84.0,0.10201999591920016,5,-84.61538461538461,0.07161271841879117,0,0.0,0.0
9503,"Tricycles, scooters, pedal cars and similar wheeled toys; dolls' carriages; dolls; other toys; reduced-size (scale) models and similar recreational models, working or not; puzzles of all kinds",import,4980.0,4980.0,-93.3020087921222,0.0012363146495256848,2.0,-91.30434782608695,0.017543090215341433,1,-87.5,0.020403999183840033,1,-91.66666666666667,0.014322543683758236,0,0.0,0.0
9507,"Fishing rods, fish-hooks and other line fishing tackle; fish landing nets and the like; decoy birds (not those of heading no. 9208 or 9705) and similar hunting or shooting requisites",import,56400.0,56400.0,,0.014001635789808961,2.0,,0.017543090215341433,1,,0.020403999183840033,2,,0.028645087367516472,0,,0.0
9603,"Brooms, brushes (including parts of machines), hand operated floor sweepers, mops and feather dusters; knots and tufts for broom or brush making; paint pads and rollers; squeegees",import,26533.9,26533.9,-95.6191611158881,0.00658719865041156,4.0,-94.87179487179488,0.035086180430682866,2,-94.11764705882354,0.040807998367680065,2,-94.87179487179488,0.028645087367516472,0,0.0,0.0
9608,"Pens; ball-point, felt tipped, other porous tipped pens; fountain pens, stylograph pens duplicating stylos, propelling or sliding pencils; parts of the foregoing, excluding those of heading no. 9609",import,23263.8,23263.8,-83.69536192696911,0.0057753768561517324,2.0,-87.5,0.017543090215341433,1,-85.71428571428571,0.020403999183840033,1,-85.71428571428571,0.014322543683758236,0,0.0,0.0
9609,"Pencils (not of heading no. 9608), crayons, pencil leads, pastels, drawing charcoals, writing or drawing chalks and tailors' chalks",import,26002.28,26002.28,0.48506845524710374,0.006455220820294925,2.0,0.0,0.017543090215341433,1,0.0,0.020403999183840033,1,0.0,0.014322543683758236,0,0.0,0.0
9611,"Stamps; date, numbering, sealing stamps and the like (including devices for printing or embossing labels), designed for operating by hand; hand operated composing sticks and printing sets",import,776.0,776.0,-81.26508932882665,0.00019264662008673325,0.0,0.0,0.0,1,-85.71428571428571,0.020403999183840033,0,0.0,0.0,1,-85.71428571428571,0.06489292667099286
9617,"Vacuum flasks and other vacuum vessels, complete with cases; parts thereof other than glass inners",import,74540.19,74540.19,-70.87662264702138,0.018505045958921277,10.0,-88.88888888888889,0.08771545107670717,4,-93.75,0.08161599673536013,5,-88.88888888888889,0.07161271841879117,0,0.0,0.0
9619,"Sanitary towels (pads) and tampons, napkins and napkin liners for babies and similar articles, of any material",import,591559.13,591559.13,-92.13474864313278,0.14685807599993356,102.0,-92.06349206349206,0.894697600982413,21,-89.71428571428571,0.4284839828606407,51,-92.04946996466431,0.7304497278716701,0,0.0,0.0
9705,Animal originated products; not elsewhere specified or included,import,1591.0,1591.0,-85.82880555802976,0.0003949752223685471,0.0,0.0,0.0,9,-86.15384615384616,0.1836359926545603,0,0.0,0.0,9,-86.15384615384616,0.5840363400389358
9999,Commodities not specified according to kind,import,16638012.709999999,16638012.709999999,-78.23670241189762,4.130485713326816,2105.5,-77.18947718947719,18.468488224200694,1617,-76.27118644067797,32.99326668026933,1081,-76.85950413223141,15.482669722142651,624,0.0,40.493186242699544
